%YAML:1.0
---
calibration_time: "Sun Nov 25 00:00:01 2018"
image_width: 1280
image_height: 960
camera_matrix_1: !!opencv-matrix
   rows: 3
   cols: 3
   dt: d
   data: [459.425053594561, 0., 641.187778598673, 0., 457.449161441911, 472.329897681533, 0., 0., 1.]
distortion_coefficients_1: !!opencv-matrix
   rows: 1
   cols: 5
   dt: d
   data: [0.008314590418292,0.001124250873735, -0.002288728972940,-0.006897361594420, 0.]
camera_matrix_2: !!opencv-matrix
   rows: 3
   cols: 3
   dt: d
   data:  [455.590259545476, 0., 607.502238161258, 0., 453.835706398076, 470.620694538887, 0., 0., 1.]
distortion_coefficients_2: !!opencv-matrix
   rows: 1
   cols: 5
   dt: d
   data: [0.006866775746296,0.001850487341622, -0.002330093578848,-0.007454526161876, 0.]
rotation_matrix: !!opencv-matrix
   rows: 3
   cols: 3
   dt: d
   data: [0.999945540704076, -0.00985036432851990, 0.00344760041589828, 0.00986749360075705, 0.999938878198164, -0.00498722746996202, -0.00339826368478052, 0.00502097504410724, 0.999981620637867]
translation_coefficients: !!opencv-matrix
   rows: 3
   cols: 1
   dt: d
   data: [-0.144407298713601, -0.00204681084869480, 0.0000223772158651871]
avg_reprojection_error: 0.1674723
