%YAML:1.0
---
image_width: 512
image_height: 512
camera_matrix_1: !!opencv-matrix
   rows: 3
   cols: 3
   dt: d
   data: [ 2.6048675529851266e+02, 0., 2.4177783508300780e+02, 0.,
       2.6048675529851266e+02, 2.4940116780598959e+02, 0., 0., 1. ]
distortion_coefficients_1: !!opencv-matrix
   rows: 1
   cols: 5
   dt: d
   data: [ 0., 0., 0., 0., 0. ]
camera_matrix_2: !!opencv-matrix
   rows: 3
   cols: 3
   dt: d
   data: [ 2.6048675529851266e+02, 0., 2.4177783508300780e+02, 0.,
       2.6048675529851266e+02, 2.4940116780598959e+02, 0., 0., 1. ]
distortion_coefficients_2: !!opencv-matrix
   rows: 1
   cols: 5
   dt: d
   data: [ 0., 0., 0., 0., 0. ]
rotation_matrix: !!opencv-matrix
   rows: 3
   cols: 3
   dt: d
   data: [ 0., 0., 0., 0., 0., 0., 0., 0., 0. ]
translation_coefficients: !!opencv-matrix
   rows: 3
   cols: 1
   dt: d
   data: [ -1.4442180533821519e-01, 0., 0. ]
